[(0, (49, 97)), (1, (53, 5)), (2, (33, 65)), (3, (62, 51)), (4, (38, 61)), (5, (45, 74)), (6, (27, 64)), (7, (17, 36)), (8, (17, 96)), (9, (12, 79)), (10, (32, 68)), (11, (90, 77)), (12, (18, 39)), (13, (12, 93)), (14, (9, 87)), (15, (42, 60)), (16, (71, 12)), (17, (45, 55)), (18, (40, 78)), (19, (81, 26)), (20, (70, 61)), (21, (56, 66)), (22, (33, 7)), (23, (70, 1)), (24, (11, 92)), (25, (51, 90)), (26, (85, 80)), (27, (0, 78)), (28, (63, 42)), (29, (31, 93))]
[(29, 8), (8, 13), (13, 24), (24, 14), (14, 9), (9, 27), (29, 18), (18, 5), (18, 10), (10, 2), (2, 6), (2, 4), (4, 15), (15, 17), (5, 21), (21, 20), (20, 3), (3, 28), (18, 25), (25, 0), (28, 19), (19, 16), (16, 23), (23, 1), (1, 22), (20, 26), (26, 11), (6, 12), (12, 7)]
	+----------------------------------------------------------------------------------------------------+
0	|....................................................................................................|
1	|......................................................................23............................|
2	|....................................................................................................|
3	|....................................................................................................|
4	|....................................................................................................|
5	|.....................................................1..............................................|
6	|....................................................................................................|
7	|.................................22.................................................................|
8	|....................................................................................................|
9	|....................................................................................................|
10	|....................................................................................................|
11	|....................................................................................................|
12	|.......................................................................16...........................|
13	|....................................................................................................|
14	|....................................................................................................|
15	|....................................................................................................|
16	|....................................................................................................|
17	|....................................................................................................|
18	|....................................................................................................|
19	|....................................................................................................|
20	|....................................................................................................|
21	|....................................................................................................|
22	|....................................................................................................|
23	|....................................................................................................|
24	|....................................................................................................|
25	|....................................................................................................|
26	|.................................................................................19.................|
27	|....................................................................................................|
28	|....................................................................................................|
29	|....................................................................................................|
30	|....................................................................................................|
31	|....................................................................................................|
32	|....................................................................................................|
33	|....................................................................................................|
34	|....................................................................................................|
35	|....................................................................................................|
36	|.................7..................................................................................|
37	|....................................................................................................|
38	|....................................................................................................|
39	|..................12................................................................................|
40	|....................................................................................................|
41	|....................................................................................................|
42	|...............................................................28...................................|
43	|....................................................................................................|
44	|....................................................................................................|
45	|....................................................................................................|
46	|....................................................................................................|
47	|....................................................................................................|
48	|....................................................................................................|
49	|....................................................................................................|
50	|....................................................................................................|
51	|..............................................................3.....................................|
52	|....................................................................................................|
53	|....................................................................................................|
54	|....................................................................................................|
55	|.............................................17.....................................................|
56	|....................................................................................................|
57	|....................................................................................................|
58	|....................................................................................................|
59	|....................................................................................................|
60	|..........................................15........................................................|
61	|......................................4...............................20............................|
62	|....................................................................................................|
63	|....................................................................................................|
64	|...........................6........................................................................|
65	|.................................2..................................................................|
66	|........................................................21..........................................|
67	|....................................................................................................|
68	|................................10..................................................................|
69	|....................................................................................................|
70	|....................................................................................................|
71	|....................................................................................................|
72	|....................................................................................................|
73	|....................................................................................................|
74	|.............................................5......................................................|
75	|....................................................................................................|
76	|....................................................................................................|
77	|..........................................................................................11........|
78	|27......................................18..........................................................|
79	|............9.......................................................................................|
80	|.....................................................................................26.............|
81	|....................................................................................................|
82	|....................................................................................................|
83	|....................................................................................................|
84	|....................................................................................................|
85	|....................................................................................................|
86	|....................................................................................................|
87	|.........14.........................................................................................|
88	|....................................................................................................|
89	|....................................................................................................|
90	|...................................................25...............................................|
91	|....................................................................................................|
92	|...........24.......................................................................................|
93	|............13.................29...................................................................|
94	|....................................................................................................|
95	|....................................................................................................|
96	|.................8..................................................................................|
97	|.................................................0..................................................|
98	|....................................................................................................|
99	|....................................................................................................|
	+----------------------------------------------------------------------------------------------------+
