bob@kali:~/Documents/ai/assignment2/heuristic-search/heuristic_search$ python3 local_astar.py
100	766.440289	766.440289	40459	0.715419
100	843.754200	843.754200	43308	0.793815
100	709.611224	709.611224	39795	0.714970
100	828.263921	828.263921	37676	0.704257
100	756.047137	756.047137	47151	0.851321
bob@kali:~/Documents/ai/assignment2/heuristic-search/heuristic_search$ python3 local_astar.py
100	766.440289	766.440289	218371	5.000021
100	843.754200	843.754200	285078	5.000037
100	682.461207	682.461207	273826	5.000028
100	828.263921	828.263921	274832	5.000026
100	750.243800	750.243800	285917	5.000022
bob@kali:~/Documents/ai/assignment2/heuristic-search/heuristic_search$ python3 local_astar.py
100	766.440289	766.440289	583512	10.000023
100	843.754200	843.754200	587056	10.000063
100	682.461207	682.461207	577621	10.000015
100	828.263921	828.263921	582078	10.000080
100	750.243800	750.243800	585726	10.000030
bob@kali:~/Documents/ai/assignment2/heuristic-search/heuristic_search$ 

